1 1 0 0 0 1
1 2 0 1 0 0
1 3 0 1 0 0
1 4 0 1 0 1
1 6 1 0 0 0
1 7 1 0 0 0
1 8 0 1 1 0
1 13 0 1 0 1
1 14 0 0 1 1
1 15 1 1 0 1
1 16 0 1 0 1
1 18 0 0 1 0
1 19 1 0 0 0
1 20 0 1 1 1
1 21 0 0 1 1
1 23 1 0 0 0
2 3 0 1 0 0
2 4 1 1 0 1
2 6 1 0 0 0
2 7 0 1 1 1
2 8 0 1 1 0
2 9 0 0 1 0
2 10 0 0 1 1
2 12 0 0 0 1
2 14 1 0 0 0
2 15 1 0 0 0
2 18 0 0 0 1
2 19 0 1 0 0
2 21 0 0 1 0
2 23 0 1 0 0
2 25 1 0 1 0
3 1 0 0 1 0
3 2 0 1 0 0
3 3 0 1 0 0
3 4 1 1 0 0
3 5 0 0 1 0
3 7 0 1 1 0
3 8 0 1 0 1
3 9 1 0 1 0
3 10 0 0 1 1
3 12 1 1 0 0
3 13 0 0 1 0
3 15 0 1 0 1
3 16 0 1 0 0
3 19 0 1 1 0
3 20 0 0 0 1
3 21 0 1 0 0
3 22 0 0 0 1
3 23 0 1 1 0
3 24 0 0 1 0
4 1 1 1 0 0
4 3 0 1 1 0
4 5 0 0 1 0
4 6 1 0 0 0
4 7 0 0 1 0
4 8 1 0 1 0
4 9 1 0 1 0
4 10 1 1 1 0
4 11 1 0 0 0
4 12 0 0 1 0
4 13 0 0 0 1
4 15 0 0 1 0
4 16 1 0 0 0
4 17 1 0 1 0
4 20 0 1 1 1
4 21 0 0 1 0
4 22 0 0 1 1
4 24 0 0 0 1
4 25 0 1 0 0
5 2 1 0 0 0
5 3 0 0 1 0
5 4 1 0 0 0
5 5 1 1 1 1
5 6 1 0 0 0
5 7 0 0 1 1
5 9 0 1 0 0
5 12 1 1 0 0
5 13 0 0 1 0
5 14 0 0 1 1
5 15 0 0 0 1
5 16 1 0 1 1
5 17 0 1 0 0
5 19 1 0 0 1
5 20 0 1 0 1
5 22 0 1 0 0
5 25 0 1 0 0
6 2 1 0 0 1
6 3 0 0 0 1
6 5 1 1 1 0
6 6 1 0 0 0
6 7 1 0 0 1
6 8 1 0 1 0
6 9 1 0 0 0
6 10 0 1 0 1
6 12 0 1 1 0
6 13 0 0 0 1
6 14 0 0 0 1
6 15 0 1 1 1
6 16 0 0 1 0
6 19 0 0 1 1
6 22 1 0 0 0
6 23 1 1 0 0
7 1 0 0 1 0
7 2 1 0 0 0
7 3 1 0 0 1
7 6 0 1 0 0
7 7 1 0 0 0
7 8 1 0 0 0
7 9 0 1 0 0
7 11 0 0 1 0
7 12 1 0 1 0
7 13 0 0 0 1
7 15 1 0 0 0
7 18 1 0 0 0
7 19 0 1 0 1
7 20 0 1 0 0
7 22 0 0 1 0
7 23 1 0 0 0
7 24 0 1 0 1
8 1 1 1 1 0
8 2 1 0 0 0
8 3 0 0 1 0
8 5 0 1 0 1
8 6 1 0 0 0
8 8 1 1 1 1
8 10 0 1 0 1
8 12 0 0 1 0
8 13 0 1 1 0
8 14 1 1 1 0
8 16 0 0 0 1
8 17 0 0 1 0
8 18 0 1 0 0
8 19 1 0 0 0
8 21 0 0 1 0
8 24 0 0 1 0
9 1 1 0 0 1
9 2 1 0 0 0
9 4 1 0 1 1
9 6 0 1 0 0
9 7 0 1 0 0
9 9 1 1 1 0
9 11 1 0 1 1
9 13 0 0 1 0
9 14 0 1 0 0
9 16 0 0 0 1
9 17 1 1 0 1
9 18 0 0 0 1
9 19 0 0 0 1
9 21 0 1 1 0
9 23 1 1 0 1
9 24 1 0 1 1
9 25 0 0 1 0
10 1 0 1 1 0
10 2 1 1 0 0
10 3 1 0 1 0
10 4 1 0 0 1
10 5 1 0 0 1
10 7 0 1 0 0
10 10 0 0 0 1
10 12 1 0 0 0
10 14 1 0 0 1
10 15 0 0 0 1
10 16 0 1 0 0
10 17 0 0 1 1
10 18 1 0 0 0
10 19 0 1 0 0
10 20 1 1 0 0
10 22 0 0 1 1
10 25 0 0 1 0
11 1 0 1 0 0
11 2 1 0 0 1
11 4 1 0 0 0
11 5 1 0 0 0
11 8 0 0 0 1
11 10 1 0 1 0
11 11 1 0 1 0
11 12 0 0 1 0
11 13 0 0 0 1
11 17 1 0 0 1
11 18 0 1 0 1
11 19 0 0 0 1
11 20 1 0 0 0
11 21 0 1 0 0
11 22 0 1 0 0
11 24 1 0 0 0
11 25 1 1 1 0
12 2 0 0 1 0
12 3 0 0 0 1
12 4 1 0 0 1
12 5 1 0 0 0
12 8 1 0 0 1
12 9 1 0 1 0
12 10 1 0 0 0
12 12 0 1 1 0
12 15 0 0 0 1
12 20 0 0 1 1
12 22 1 0 1 0
12 23 1 0 0 0
13 1 1 0 0 0
13 2 0 1 0 0
13 3 1 0 1 1
13 4 0 0 1 1
13 5 0 1 0 0
13 6 1 0 0 0
13 7 0 0 0 1
13 8 0 0 1 0
13 9 0 0 1 0
13 10 1 0 1 0
13 11 1 0 0 0
13 12 1 0 0 0
13 13 0 0 0 1
13 14 1 0 0 0
13 16 1 1 0 0
13 17 0 0 1 0
13 18 0 1 0 0
13 20 1 1 0 0
13 21 0 1 0 0
13 23 0 1 1 0
13 25 1 0 1 0
14 2 1 0 0 0
14 4 1 0 0 0
14 5 0 1 0 1
14 6 0 0 1 1
14 7 0 0 1 0
14 8 1 0 1 1
14 10 0 1 0 0
14 12 0 1 0 0
14 14 1 0 1 1
14 15 0 1 0 1
14 18 0 1 0 0
14 19 1 0 0 0
14 20 1 0 0 0
14 21 0 1 0 0
14 22 1 1 0 1
14 23 1 1 0 0
14 24 1 0 0 0
14 25 0 0 1 0
15 2 0 1 1 0
15 4 1 0 0 1
15 5 0 1 1 0
15 6 0 1 0 0
15 7 0 0 1 0
15 10 1 1 0 0
15 11 0 1 1 1
15 12 0 0 1 0
15 13 0 1 1 0
15 15 1 1 1 0
15 19 0 0 1 1
15 20 0 1 0 0
15 21 0 0 0 1
15 22 0 0 1 1
15 23 1 0 1 0
15 24 0 1 1 0
15 25 0 0 1 1
16 1 0 0 1 0
16 3 0 1 1 1
16 5 0 1 1 0
16 6 1 0 0 0
16 7 0 0 1 0
16 8 0 0 1 1
16 9 1 0 0 0
16 10 0 0 0 1
16 11 0 1 0 1
16 13 0 1 0 0
16 14 1 0 0 1
16 16 0 0 1 0
16 17 0 0 1 0
16 20 1 0 0 1
16 22 0 1 1 0
16 24 0 0 0 1
16 25 0 0 1 1
17 2 1 0 1 0
17 4 0 0 1 0
17 6 1 0 0 0
17 7 0 1 0 0
17 8 1 0 1 1
17 11 1 0 0 0
17 13 1 0 1 0
17 15 0 0 1 0
17 18 0 1 0 0
17 19 0 0 1 0
17 20 0 0 1 0
17 21 1 0 0 1
17 24 1 1 0 0
18 1 1 0 0 0
18 2 0 1 0 0
18 3 1 0 0 0
18 4 1 0 0 0
18 6 1 0 0 1
18 8 0 0 0 1
18 9 1 0 0 0
18 13 1 0 1 1
18 15 0 1 0 0
18 16 1 0 0 0
18 19 0 0 0 1
18 20 0 0 1 0
18 23 0 0 1 0
18 24 1 0 0 0
18 25 1 0 0 0
19 1 1 1 0 0
19 2 0 0 1 0
19 3 0 0 0 1
19 4 1 1 0 1
19 5 1 1 1 0
19 6 0 0 0 1
19 8 0 1 0 0
19 9 0 0 1 0
19 10 0 0 1 0
19 12 0 1 0 1
19 13 0 0 1 1
19 14 1 0 0 0
19 21 0 1 0 0
19 22 1 0 1 0
19 24 1 1 0 0
20 1 0 1 0 0
20 2 0 0 1 0
20 4 0 0 1 0
20 5 1 0 0 0
20 10 1 0 0 0
20 11 0 1 0 0
20 12 1 0 0 1
20 13 0 0 1 0
20 14 0 0 1 1
20 16 0 1 1 1
20 17 0 0 1 0
20 18 0 0 1 0
20 19 0 0 1 1
20 20 0 0 0 1
20 21 0 0 1 0
20 22 0 0 0 1
20 23 0 0 1 0
20 24 0 0 0 1
21 2 0 0 1 0
21 3 0 0 1 1
21 4 1 1 0 1
21 5 1 1 1 1
21 7 0 1 1 0
21 8 0 0 0 1
21 10 1 1 0 0
21 11 0 1 0 0
21 13 0 0 1 0
21 15 1 0 0 1
21 17 0 0 1 0
21 18 0 0 0 1
21 19 0 1 0 0
22 1 0 0 0 1
22 2 0 1 0 0
22 3 0 0 0 1
22 6 0 1 1 0
22 7 1 0 0 1
22 14 1 1 1 0
22 15 0 1 0 0
22 17 0 0 0 1
22 18 1 0 0 0
22 19 1 0 1 0
22 20 1 0 0 0
22 21 0 1 0 0
22 22 0 1 0 0
22 23 0 0 0 1
22 24 1 0 0 0
23 1 1 0 1 1
23 2 0 0 0 1
23 4 0 0 1 0
23 5 1 0 0 0
23 8 0 0 1 1
23 11 1 1 0 0
23 12 0 0 0 1
23 14 0 0 1 0
23 16 0 1 0 0
23 17 0 0 0 1
23 20 0 1 0 0
23 21 0 1 0 1
23 22 0 1 0 0
23 24 0 1 1 1
23 25 1 0 0 0
24 1 0 0 1 0
24 2 1 1 0 0
24 3 1 0 0 0
24 6 0 1 0 0
24 7 0 0 1 1
24 8 1 0 1 0
24 9 0 0 0 1
24 10 0 1 0 1
24 12 0 0 1 0
24 13 0 0 1 1
24 14 0 0 1 1
24 15 0 0 1 0
24 17 0 1 1 1
24 19 1 0 0 0
24 20 0 1 0 0
24 21 0 1 1 0
24 23 1 0 0 0
24 24 0 0 1 1
25 1 0 1 0 0
25 2 0 0 1 0
25 4 0 0 0 1
25 6 0 1 0 0
25 7 1 0 1 0
25 9 1 1 0 0
25 10 1 0 0 0
25 12 0 1 1 1
25 13 0 0 0 1
25 14 0 0 1 1
25 15 0 0 0 1
25 16 0 0 0 1
25 18 0 1 0 0
25 19 0 0 1 0
25 20 0 0 0 1
25 21 0 0 1 0
25 22 0 0 0 1
25 24 0 1 1 0
25 25 0 1 1 1